304 371
184 328
392 152
289 165
114 186
81 485
26 369
281 292
45 239
459 55
146 398
81 437
185 50
202 395
302 109
496 240
289 304
110 405
477 232
230 360
30 324
345 63
357 349
110 371
315 460
445 146
63 474
449 338
104 178
63 115
338 202
424 94
70 179
373 211
480 247
477 388
116 452
357 387
448 282
275 15
337 307
347 133
453 102
334 76
276 94
171 330
58 29
212 493
491 193
381 34
460 121
487 307
201 419
323 295
251 77
476 118
240 481
258 58
85 205
337 421
200 271
34 207
237 345
248 159
38 281
213 165
161 207
198 291
449 87
285 357
169 104
325 1
364 457
175 499
18 28
239 455
242 492
456 492
480 371
136 205
100 227
248 170
156 248
232 369
199 163
345 418
203 397
186 68
152 23
388 468
301 349
498 383
446 121
109 91
147 181
233 58
480 359
191 79
273 452
423 457
